-1.50472223758698 -78.0633316040039
-2.06716656684875 -76.9761657714844
-2.14583325386047 -77.6995010375977
-2.09116673469543 -77.4463348388672
-1.39750003814697 -77.1989974975586
-2.02466678619385 -77.4673309326172
-1.20716667175293 -78.5715026855469
-1.35399997234344 -77.6221694946289
-2.08299994468689 -77.5806655883789
-1.94550001621246 -76.3058319091797
-2.19149994850159 -76.7838363647461
-1.73766660690308 -77.4868316650391
-1.746333360672 -77.0991668701172
-2.36683344841003 -76.5130004882813
-2.35133337974548 -76.4516677856445
-1.62783324718475 -77.3028335571289
-1.21899998188019 -77.3840026855469
-1.83333337306976 -77.6800003051758
-1.58333337306976 -77.4118347167969
-2.15916657447815 -77.3226699829102
-2.0716667175293 -77.5233306884766
-1.87366664409637 -76.7738342285156
-2.38266658782959 -76.6581649780273
-2.46300005912781 -76.9929962158203
-2.44183325767517 -76.9168319702148
-2.21991658210754 -76.8140869140625
-2.01250004768372 -76.6788330078125
-2.31450009346008 -77.6650009155273
-2.0678334236145 -77.175163269043
-2.24016666412354 -77.4595031738281
-1.99049997329712 -77.7156677246094
-2.32283329963684 -77.088996887207
-2.29166674613953 -77.6804962158203
-2.82483339309692 -77.7716674804688
-2.35383343696594 -77.4065017700195
-2.36649990081787 -77.3150024414063
-2.09833335876465 -77.4779968261719
-0.457666665315628 -76.989501953125
-1.871333360672 -76.8776702880859
-2.6029999256134 -77.1163330078125
-2.88700008392334 -78.984001159668
-2.00266671180725 -77.7021636962891
-2.13366675376892 -77.3753356933594
-1.32050001621246 -77.454833984375
-1.95466661453247 -76.5553359985352
-1.95833337306976 -76.1466674804688
-1.9264999628067 -77.504997253418
-1.18833339214325 -77.2304992675781
-2.83333325386047 -77.7608337402344
-1.23549997806549 -77.6913299560547
-2.2425000667572 -77.6644973754883
-4.02111101150513 -78.8878326416016
-1.38349997997284 -76.9384994506836
-2.72183346748352 -77.681999206543
-1.61583340167999 -76.9421691894531
-1.29483330249786 -77.3196640014648
-3.42283344268799 -78.5588302612305
-2.23516654968262 -77.2405014038086
-1.91716659069061 -76.6261672973633
-2.16266655921936 -77.4851684570313
-2.47049999237061 -77.1468353271484
-2.56649994850159 -76.7573318481445
-2.316166639328 -77.4098358154297
-2.74550008773804 -77.4875030517578
-2.51799988746643 -77.4315032958984
-2.11666655540466 -76.2018356323242
-2.71950006484985 -77.2423324584961
-1.05999994277954 -77.5800018310547
-2.87450003623962 -77.8681640625
-2.63949990272522 -77.1285018920898
-2.01416659355164 -76.8323364257813
-2.71066665649414 -77.5053329467773
-2.68016672134399 -77.477668762207
-2.53433346748352 -76.8423309326172
-2.72699999809265 -77.5374984741211
-2.01950001716614 -77.7239990234375
-2.69816660881042 -77.5364990234375
-2.82649993896484 -77.7106628417969
-2.00133323669434 -77.6693344116211
-2.00383329391479 -77.7366638183594
-2.17433333396912 -77.3683319091797
-2.03366661071777 -77.6713333129883
-2.14849996566772 -77.3570022583008
-2.64499998092651 -77.2249984741211
-2.69566679000854 -77.3791656494141
-2.09616661071777 -77.6413345336914
-2.5128333568573 -76.8963317871094
-0.906833350658417 -78.615837097168
-1.33350002765656 -77.5979995727539
-1.61366665363312 -75.9863357543945
-2.29949998855591 -78.1208343505859
-2.75316667556763 -77.1579971313477
-2.03666663169861 -77.7030029296875
-2.36416673660278 -77.4066696166992
-2.61666655540466 -76.9143371582031
-2.7574999332428 -77.2201690673828
-2.62066674232483 -77.7848358154297
-1.82850003242493 -77.3209991455078
-2.35433340072632 -77.0598297119141
-2.86483335494995 -77.4860000610352
-1.23583328723907 -77.259162902832
-2.24499988555908 -77.2198333740234
-3.28416657447815 -78.2379989624023
-2.6340000629425 -77.4290008544922
-2.13716673851013 -77.6793365478516
-1.64966666698456 -77.5976638793945
-2.32216668128967 -77.276496887207
-2.55233335494995 -77.442497253418
-2.79716658592224 -77.5865020751953
-2.52216672897339 -77.526496887207
-2.75200009346008 -78.2593307495117
-2.47916674613953 -77.2009963989258
-1.57249999046326 -76.3506698608398
-2.27500009536743 -77.4693298339844
-1.73100006580353 -76.6070022583008
-2.25200009346008 -77.4016647338867
-1.50300002098083 -77.3253326416016
-2.78866672515869 -77.647834777832
-2.1010000705719 -77.1575012207031
-2.47516655921936 -77.3324966430664
-2.64183330535889 -77.4830017089844
-2.5973334312439 -77.4216690063477
-1.01999998092651 -77.1663360595703
-1.24199998378754 -77.4143371582031
-0.124166660010815 -78.3543319702148
-1.27716660499573 -77.2026672363281
-1.65366673469543 -78.6569976806641
-3.04949998855591 -78.0100021362305
-2.8289999961853 -77.3661651611328
-2.69300007820129 -77.0878295898438
-2.64216661453247 -77.1563339233398
-2.79366660118103 -77.2845001220703
-2.46583342552185 -77.4605026245117
-2.00566673278809 -76.4523315429688
-2.75083327293396 -77.5563354492188
-2.46433329582214 -77.0416641235352
-2.59949994087219 -77.0898361206055
-2.37983345985413 -77.5038299560547
-2.15700006484985 -77.6146697998047
-1.40050005912781 -77.3830032348633
-0.118500001728535 -76.3341674804688
-2.71700000762939 -77.8906631469727
-2.10533332824707 -77.5203323364258
-3.25500011444092 -78.2259979248047
-2.51966667175293 -77.3943328857422
-2.55666661262512 -77.7348327636719
-2.66216659545898 -77.1111679077148
-2.78600001335144 -77.4798355102539
-2.71200013160706 -77.9158325195313
-2.63349986076355 -76.8150024414063
-2.5496666431427 -77.4723358154297
-2.55633330345154 -77.8990020751953
-1.49800002574921 -77.4739990234375
-2.57116675376892 -76.8054962158203
-2.61366677284241 -77.0240020751953
-3.16883325576782 -78.259162902832
-2.61083340644836 -77.1815032958984
-2.54500007629395 -77.1983337402344
-2.03800010681152 -77.5618362426758
-2.57716679573059 -77.3461685180664
-1.02349996566772 -77.2210006713867
-2.74283337593079 -77.3704986572266
-2.11366677284241 -77.7385025024414
-2.82466673851013 -77.9293365478516
-2.12683343887329 -77.5136642456055
-1.95449995994568 -76.1016693115234
-2.67600011825562 -77.3058319091797
-2.6528332233429 -77.3986663818359
-2.8510000705719 -77.943000793457
-2.78433346748352 -77.4578323364258
-2.16499996185303 -77.5773315429688
-2.15799999237061 -79.884162902832
-4.38266658782959 -79.9413299560547
-0.947499990463257 -80.6803359985352
-2.20583343505859 -80.9846649169922
0.977666676044464 -79.6266632080078
0.810833334922791 -77.7083358764648
-1.73083329200745 -77.1094970703125
-2.03516674041748 -76.4716644287109
-2.30222225189209 -77.3563919067383
-1.64983332157135 -77.0479965209961
-0.940999984741211 -80.6740036010742
-2.55027770996094 -77.0888366699219
-3.99555563926697 -79.3666687011719
-0.775833308696747 -75.5258331298828
-1.37722218036652 -78.3463897705078
-1.11666667461395 -78.1697235107422
-0.938055574893951 -77.4524993896484
-1.30416667461395 -77.3238906860352
-1.47138893604279 -77.2947235107422
-1.68361115455627 -77.3122253417969
-1.85972225666046 -77.3766632080078
-2.15277767181396 -77.6474990844727
-2.3044445514679 -77.9499969482422
-2.41277766227722 -78.1705551147461
-2.32138895988464 -78.1991653442383
-2.45138883590698 -78.3811111450195
-2.64055562019348 -78.6458358764648
-2.92916655540466 -78.3716659545898
-3.95888900756836 -78.7563858032227
-1.19972217082977 -76.9730529785156
-1.38111114501953 -76.9347229003906
-1.43472218513489 -76.2608337402344
-1.17666661739349 -79.25
-0.626666665077209 -78.5933303833008
0.315833359956741 -78.9033355712891
0.748333334922791 -79.3813323974609
-1.56900000572205 -79.5041656494141
-1.49916672706604 -79.6458358764648
-1.46366667747498 -79.8158340454102
-1.46944439411163 -79.8608322143555
-1.57083332538605 -80.2378311157227
-1.87116670608521 -80.4838333129883
-2.18449997901917 -80.5308303833008
-2.79083323478699 -79.9391632080078
-2.79749989509583 -79.7808303833008
-2.82016658782959 -79.25
-2.55027770996094 -77.0888900756836
-3.1158332824707 -79.9719467163086
-3.1158332824707 -79.9736099243164
-2.81166672706604 -79.4497222900391
-2.82027769088745 -79.25
-2.45138883590698 -78.3811111450195
-2.29333329200745 -77.9472198486328
-1.17694449424744 -79.533332824707
-1.17666661739349 -79.7938919067383
-1.5711110830307 -80.2380523681641
-1.9122222661972 -80.6222229003906
-1.21194446086884 -80.4772186279297
-0.641388893127441 -80.5030517578125
-0.806111097335815 -80.3541641235352
-0.552777767181396 -79.7458343505859
-0.615833342075348 -77.5722198486328
-1.11111116409302 -78.541389465332
-0.804444432258606 -79.0083312988281
-1.11666667461395 -78.1697235107422
0.316166669130325 -78.9033355712891
0.748333334922791 -79.3813858032227
0.38055557012558 -77.6683349609375
-0.0611111111938953 -79.1416702270508
-2.83277773857117 -77.857780456543
-0.931111097335815 -79.8555526733398
-0.927777767181396 -79.0883331298828
-0.927777767181396 -79.0883331298828
3.87116670608521 30.2045001983643
6.309166431427 46.2238349914551
13.8636665344238 20.8649997711182
2.93333339691162 35.1833343505859
10.1330003738403 32.0960006713867
9.11666679382324 32.2000007629395
2.70000004768372 33.0833320617676
3.4210000038147 30.7813339233398
6.81199979782104 30.7064990997314
3.33333325386047 31.75
3.01950001716614 30.4775009155273
8.97500038146973 38.7994995117188
0.537500023841858 42.0564994812012
6.85533332824707 29.2261657714844
9.66833305358887 28.1184997558594
0.667222201824188 30.3333339691162
1.74116671085358 29.0358333587646
7.7810001373291 33.0019989013672
8.88449954986572 27.9580001831055
6.55533313751221 30.0336666107178
8.96216678619385 27.515832901001
2.26666665077209 35.0499992370605
-0.433333337306976 33.966667175293
-1.44833338260651 30.7433338165283
7.31850004196167 28.44700050354
1.93166673183441 34.9208335876465
2.52333331108093 28.7103328704834
1.85000002384186 34.5833320617676
-0.400000005960464 30.1000003814697
-18.783332824707 47.466667175293
0.241666659712791 29.4249992370605
2.04466676712036 31.0520000457764
2.88333344459534 30.8333339691162
1.79999995231628 37.2000007629395
-3.35916662216187 36.6216659545898
3.04716658592224 30.9126663208008
0.69305557012558 30.683666229248
10.2690000534058 32.22216796875
2.56100010871887 30.5041675567627
3.21449995040894 30.5758323669434
1.21116662025452 30.0860004425049
-0.13000001013279 38.1533317565918
8.78499984741211 27.408332824707
8.12216663360596 31.4115009307861
8.41183376312256 27.7534999847412
-6.51616668701172 38.9739990234375
3.10833334922791 43.625
3.61483335494995 37.337833404541
1.81666672229767 30.2433338165283
-2.81683325767517 33.966667175293
1.78333330154419 36.7999992370605
-4.4283332824707 35.158332824707
-19.791166305542 34.9044990539551
9.25 29.7916660308838
-6.16833353042603 37.1515007019043
9.71300029754639 30.2383327484131
-4.33683347702026 30.0354995727539
6.38966655731201 29.7931671142578
-2.66583323478699 31.3653335571289
-0.408500015735626 32.507999420166
-15.6666669845581 34.966667175293
1.76633334159851 30.5898342132568
1.01199996471405 29.9501667022705
1.39600002765656 30.2830009460449
6.18300008773804 34.3849983215332
-0.783333361148834 35.3166656494141
6.1933331489563 31.6013336181641
9.94900035858154 43.1376647949219
1.26750004291534 42.5875015258789
-3.63066673278809 35.6543350219727
1.43999993801117 31.1926670074463
2.20099997520447 31.5520000457764
0.666666686534882 29.8833332061768
-3.31833338737488 29.3166675567627
-1.33350002765656 31.8193340301514
-2.30949997901917 28.8090000152588
0.0208333339542151 32.6666679382324
-2.04999995231628 33.8666648864746
0.668333292007446 30.0499992370605
0.566666662693024 34.5499992370605
1.56566667556763 30.2218341827393
8.16383333333333 32.3828333333333
8.98149967193604 29.3791675567627
1.01916670799255 30.2203330993652
0.466666668653488 34.1333351135254
0.115000002086163 29.3146667480469
1.79999995231628 31.3333339691162
-0.171999990940094 32.2705001831055
-8.29500007629395 34.2988319396973
1.56666672229767 34.533332824707
-4.56666660308838 33.9166679382324
2.25 32.1500015258789
9.20133304595947 33.7599983215332
-8.55000019073486 33.4333343505859
4.26666688919067 33.5
-9.38333320617676 33.6500015258789
-8.81616687774658 34.0320014953613
-13.5333337783813 32.6333351135254
-1.58333337306976 39.466667175293
8.31966686248779 30.0096664428711
-4.26666688919067 35.5
0.0625 40.3128318786621
-7.55000019073486 37.783332824707
-2.09666657447815 30.8950004577637
3.65416669845581 26.078332901001
2.42816662788391 42.9720001220703
11.5483331680298 43.1599998474121
-6.16833353042603 35.7431678771973
3.13333344459534 29.5890007019043
4.71950006484985 27.6936664581299
0.0416666679084301 32.4383316040039
-0.344999998807907 29.2849998474121
1.05111110210419 30.2466659545898
3.84100008010864 47.1643333435059
-2.48449993133545 35.7471656799316
-0.569000005722046 37.4923324584961
2.38583326339722 29.933500289917
-0.566666662693024 37.4833335876465
-3.18333339691162 35.2666664123535
-2.45000004768372 35.8333320617676
-2.6341667175293 35.5503349304199
-5.54483318328857 36.4588317871094
-3.09999990463257 35.966667175293
-3.70300006866455 35.2864990234375
-23.4524993896484 31.5499992370605
1.40783333778381 28.5818328857422
-2.63100004196167 35.8898315429688
-2.6949999332428 35.4464988708496
-25.9365005493164 27.9223327636719
3.71583342552185 29.7099990844727
7.39566659927368 30.4723339080811
-0.45716667175293 39.6421661376953
-2.26666665077209 40.091667175293
2.83333325386047 32.1666679382324
1.21716666221619 30.1536674499512
-1.39999997615814 36.6333351135254
-2.98333334922791 38.658332824707
5.93333339691162 43.5833320617676
-1.67999994754791 29.2395000457764
2.79999995231628 32.2666664123535
8.70216655731201 33.3216667175293
1.03333330154419 39.5166664123535
-17.9333324432373 31.1000003814697
4.71633338928223 47.8248329162598
9.4883337020874 44.0883331298828
-4.19700002670288 35.0226669311523
-3.86849999427795 35.3933334350586
-25.6758327484131 27.8325004577637
3.49133324623108 35.8381652832031
-1.51666665077209 40.0166664123535
8.03950023651123 26.8584995269775
-6.61666679382324 35.4333343505859
-4.33766651153564 34.8356666564941
-12.3500003814697 40.5833320617676
-7.30000019073486 36.3666648864746
1.14499998092651 29.6611671447754
-8.06999969482422 36.6966667175293
-1.59583330154419 40.5123329162598
4.07649993896484 33.1184997558594
-8.75766658782959 33.2888336181641
-2.46833324432373 38.1450004577637
2.79999995231628 29.095832824707
-6.71666669845581 32.0499992370605
-7.13333320617676 36.5
-7.67500019073486 35.7516670227051
-0.600000023841858 29.6628341674805
0.349999994039536 37.5999984741211
2.82283329963684 27.5868339538574
-4.1710000038147 32.9034996032715
1.78733336925507 30.0693340301514
-5.68333339691162 34.5166664123535
9.39166641235352 30.6706657409668
8.37383365631104 31.136833190918
0.449999988079071 33.2000007629395
4.87233352661133 31.5913333892822
3.53333330154419 34.2000007629395
0.546999990940094 35.7281684875488
-1.24883329868317 30.0261669158936
11.1333332061768 29.7006664276123
-2.38333344459534 32.0833320617676
1.48333334922791 30.9333324432373
0.200666666030884 32.5496673583984
-1.81666672229767 36.783332824707
-3.23333334922791 35.0166664123535
0.270166665315628 34.7831649780273
0.5 33.2746658325195
3.70816659927368 34.8833351135254
-5.03333330154419 31.7999992370605
3.13750004768372 37.423999786377
3.03333330154419 33.3499984741211
-5.875 29.25
4.77549982070923 33.5846672058105
2.04866671562195 35.4233322143555
-9.94999980926514 33.8833351135254
2.5 37.5666656494141
1.16983330249786 36.0846672058105
-4.54633331298828 30.1046657562256
0.188166663050652 30.1013336181641
-13.4499998092651 25.8166675567627
-4.5 26.5833339691162
7.70083332061767 30.2504997253418
11.0531663894653 30.5616664886475
-2.05833339691162 37.7283325195313
-0.866666674613953 29.6333332061768
-1.58599996566772 35.2516670227051
9.26049995422363 30.6388339996338
-0.416666656732559 35.25
8.88716697692871 28.796667098999
-1.96666669845581 30.1333332061768
-3.83949995040894 32.683666229248
-3.52649998664856 30.650333404541
0.522499978542328 33.876335144043
3.71666669845581 33.75
-4.8841667175293 29.6696662902832
-8.65166664123535 35.8683319091797
-0.716500043869019 29.7046661376953
-2.24283337593079 33.9996681213379
-0.933333337306976 36.5666656494141
-3.42650008201599 37.0550003051758
-6.78333330154419 37.1333351135254
-8.45766639709473 38.5706672668457
-2.91849994659424 25.9091663360596
1.63333332538605 31.6166667938232
-9.04316711425781 38.2798347473145
9.073166847229 28.9384994506836
0.333333343267441 33.75
1.2096666097641 30.9871673583984
0.483333319425583 25.3333339691162
-0.666666686534882 34.7000007629395
-0.346666663885117 42.466667175293
-1.26666665077209 29.716667175293
-0.0904999971389771 34.7206649780273
-5.63333320617676 34.3666648864746
0.976999998092651 34.9625015258789
3.28766655921936 32.882999420166
-1.36666667461395 37.9833335876465
1.10383331775665 29.9633331298828
-5.39849996566772 37.1898345947266
-1.74116671085358 41.482666015625
-1.96383333206177 41.2946662902832
-5.30149984359741 36.5471649169922
-7.68599987030029 36.9866676330566
-11.1735000610352 24.1946659088135
-6.86666679382324 37.0166664123535
-5.88316679000854 34.9836654663086
-6.4573335647583 30.0043334960938
-1.97000002861023 30.1466674804688
3.41000008583069 30.9688339233398
8.60183334350586 29.9915008544922
9.89266681671143 32.1181678771973
-6.16216659545898 36.4226684570313
8.60483360290527 29.8238334655762
0.890166640281677 36.2999992370605
-4.88833332061768 35.7703323364258
-1.96666669845581 30.7999992370605
2.95199990272522 34.1199989318848
-1.55283331871033 31.1043338775635
0.899999976158142 34.9500007629395
8.28433322906494 27.954833984375
8.94566631317139 29.7310009002686
9.32083320617676 30.8871669769287
8.94566631317139 29.7320003509521
1.51666665077209 33.9833335876465
10.3666667938232 34.1833343505859
5.71099996566772 34.5299987792969
-1.00250005722046 33.458667755127
3.79099988937378 32.726001739502
10.6333332061768 30.093334197998
1.56666672229767 37.8166656494141
-1.56666672229767 34.7999992370605
-2.246333360672 40.9099998474121
8.52983379364014 32.0639991760254
8.30733299255371 30.1296672821045
7.04899978637695 33.0043334960938
-7.63333320617676 35.4166679382324
-11.1829996109009 36.3554992675781
8.60483360290527 28.4798336029053
-10.9416666030884 36.091667175293
8.89666652679443 28.3528327941895
-13.7883329391479 33.783332824707
8.91383361816406 28.4104995727539
-9.85000038146973 39.7583351135254
2.24766659736633 32.9104995727539
-11.1083335876465 34.6500015258789
17.8031673431396 25.820333480835
-9.80099964141846 37.869499206543
-5.25 35.033332824707
-5.37966680526733 37.2248344421387
3.121333360672 35.6041679382324
1.98333334922791 37.9166679382324
-4.03333330154419 36.4333343505859
0.612500011920929 36.8019981384277
-2.91166663169861 37.5258331298828
4.31666660308838 35.6833343505859
4.20433330535889 34.3424987792969
1.96666669845581 36.0166664123535
4.65866661071777 32.8574981689453
-2.06883335113525 35.5438346862793
2.88849997520447 35.2608337402344
-4.26933336257935 36.3756675720215
-0.314999997615814 26.7700004577637
3.10999989509583 35.5999984741211
2.75 36.716667175293
6.26100015640259 31.7281665802002
-11.6049995422363 27.5216674804688
-8.91749954223633 36.1276664733887
-8.62266635894775 33.8851661682129
8.22033309936523 28.3915004730225
-15.3266668319702 28.4566669464111
3.80666661262512 42.5463333129883
-2.96666669845581 33.5166664123535
7.1676664352417 31.4113330841064
8.77166652679443 33.3216667175293
-5.13333320617676 35.283332824707
-1.93949997425079 36.283332824707
4.12400007247925 32.3113327026367
2.92933320999146 37.6341667175293
8.60833358764648 33.9283332824707
-6.05000019073486 35.0166664123535
-5.71666669845581 35.4000015258789
-2.29316663742065 37.8273315429688
-3.22166657447815 40.098331451416
9.55000019073486 31.6499996185303
-3.22916674613953 40.1018333435059
9.02133369445801 27.6271667480469
1.34766662120819 29.0806674957275
-5.75833320617676 34.8030014038086
3.93099999427795 41.84033203125
0.348666667938232 28.7509994506836
9.04833316802979 29.0983333587646
7.29199981689453 28.4466667175293
-11.3280000686646 36.857666015625
4.90383338928223 29.4444999694824
2.34816670417786 37.9958343505859
-3.20000004768372 33.7999992370605
-0.356000006198883 31.771333694458
1.75 31.75
2.45000004768372 34.4000015258789
8.12950038909912 30.0148334503174
8.13083362579346 30.0113334655762
-4.6448335647583 29.7495002746582
-0.0500000007450581 39.0499992370605
-0.556333363056183 30.6000003814697
-8.97133350372314 36.8881683349609
-10.9584999084473 35.007999420166
-7.36666679382324 35.5
-11.3365001678467 37.0665016174316
-7.67616653442383 38.0871658325195
-8.91666698455811 33.4583320617676
-7.77083349227905 39.0096664428711
-10.4666662216187 34.5833320617676
-8.44999980926514 33.8528327941895
-20.8333339691162 33.5166664123535
8.60249996185303 30.7093334197998
-1.03666663169861 28.0683326721191
-7.91666650772095 39.6666679382324
-0.458333343267441 34.0499992370605
-5.98333311080933 34.1166648864746
-11.5579996109009 36.4690017700195
-1.11333334445953 34.4819984436035
-5.66666650772095 30.283332824707
0.483333319425583 32.0166664123535
-4.80000019073486 34.8666648864746
-4.67150020599365 36.679500579834
-4.63333320617676 38.0833320617676
-5.71666669845581 38.8166656494141
-2.51016664505005 35.6068344116211
-4.88983345031738 38.2378349304199
-2.49749994277954 35.9001655578613
5.1933331489563 31.7700004577637
-6.79533338546753 37.6525001525879
2.5218334197998 34.5833320617676
2.58483338356018 33.7558326721191
1.88333333333333 34.7666666666667
-3.36733341217041 37.3098335266113
8.16483306884766 32.0533332824707
3.65000009536743 31.7666664123535
-6.35833311080933 31.0833339691162
-6.34999990463257 36.4833335876465
-7.6651668548584 31.5515003204346
-8.06799983978271 33.9480018615723
-4.55000019073486 37.5666656494141
-10.7316665649414 38.783332824707
-2.27049994468689 35.8078346252441
-7.28333330154419 35.9833335876465
-10.75 36.9500007629395
-3.87633323669434 34.7526664733887
-7.80000019073486 38.2999992370605
-8.19999980926514 36.966667175293
-10.3333330154419 40.1816673278809
0.173333331942558 30.5952777862549
-11.6666669845581 39.5499992370605
-1.86916661262512 34.6425018310547
-13.4666662216187 25.8666667938232
5.35650014877319 30.3525009155273
1.94216668605804 30.058500289917
-2.48333334922791 30.6499996185303
-1.49833333492279 33.8016662597656
-1.2831666469574 35.0665016174316
-1.85000002384186 38.2000007629395
0.92249995470047 30.6585006713867
6.06033325195313 29.9546661376953
-6.37449979782104 35.8986663818359
-2.43899989128113 32.921501159668
-3.51666665077209 33.5999984741211
-0.333333343267441 36.9166679382324
0.784500002861023 30.5394992828369
-0.200000002980232 29.8999996185303
-5.26999998092651 36.1349983215332
-2.43833327293396 32.9216651916504
-11.4333333969116 34.0166664123535
1.82638883590698 34.25
-10.353666305542 38.7761650085449
3.74833345413208 29.5100002288818
-3.01666665077209 35.533332824707
-0.783166706562042 36.4338340759277
-0.302000015974045 36.1544990539551
1.41666666666667 32.4833333333333
-0.833333313465118 35.3666648864746
-0.293166667222977 36.1548347473145
-7.50416660308838 31.0708332061768
-0.0666666701436043 37.033332824707
2.05 34.15
4.1986665725708 28.0296669006348
4.11616659164429 35.8409996032715
8.61616706848145 33.0676651000977
-1.83333337306976 36.0999984741211
-2.63333344459534 35.8666648864746
-4.14400005340576 36.798999786377
-4.76666688919067 33.25
12.1338329315186 15.0358333587646
-12.9666662216187 28.6166667938232
2.51666665077209 31.1333332061768
2.45383334159851 27.6333332061768
4.86866664886475 33.7220001220703
10.0024995803833 33.8513870239258
-10.9341669082642 39.2506675720215
-5.94999980926514 35.1666679382324
-2.43133330345154 40.189998626709
0.933333337306976 36.0499992370605
-5.1031665802002 31.0349998474121
-3.21816658973694 35.4743347167969
8.92083358764648 29.617166519165
-2.53966665267944 30.7029991149902
-2.95000004768372 33.2999992370605
1.76666665077209 37.283332824707
-8.51666641235352 35.1833343505859
9.0228328704834 29.6736660003662
3.59666657447815 32.093334197998
-9.35833358764648 34.7716674804688
-4.41733312606812 33.4431648254395
-2.58333325386047 36.9166679382324
-15.1000003814697 39.2799987792969
-9.32083320617676 33.0651664733887
11.0348329544067 30.6618328094482
-1.29983329772949 36.9541664123535
-4.55616664886475 29.8843326568604
8.79783344268799 30.6685009002686
-0.0500000007450581 36.3666648864746
7.7243332862854 30.2473335266113
9.13549995422363 26.9804992675781
1.43500006198883 30.0328330993652
9.41066646575928 31.3034992218018
-2.83733344078064 32.1708335876465
2.25500011444092 30.6639995574951
4.63433313369751 28.2676658630371
-4.22116661071777 33.2055015563965
-0.983333349227905 35.9166679382324
-3.42499995231628 35.6216659545898
0.699999988079071 29.5178337097168
-2.37350010871887 35.6925010681152
-8.40166664123535 35.5583343505859
-2.4081666469574 35.6271667480469
0.202222228050232 29.9011116027832
-2.64633321762085 35.8516654968262
-2.60349988937378 35.4798316955566
9.87066650390625 31.8915004730225
-4.46766662597656 37.2026672363281
0.956666707992554 36.2949981689453
8.01633358001709 29.8444995880127
2.84083342552185 33.0801658630371
6.42150020599365 31.5551662445068
9.64949989318848 30.3519992828369
8.47233295440674 34.0238342285156
10.0221662521362 30.1909999847412
7.14216661453247 31.363000869751
9.11149978637695 30.7661666870117
7.74599981307983 31.6891670227051
2.33333325386047 31.5
6.07533311843872 31.7905006408691
9.08166694641113 26.921667098999
7.16833353042603 31.4116668701172
2.33333325386047 31.6000003814697
3.87383341789246 32.4713325500488
9.90283298492432 29.9633331298828
-0.266666680574417 33.466667175293
2.46666669845581 34.9500007629395
2.75466656684875 33.3168334960938
10.0708332061768 32.2849998474121
-5.24833345413208 39.8199996948242
-12.9499998092651 40.5
-2.58299994468689 35.498664855957
6.79433345794678 33.1296653747559
8.04416656494141 32.0270004272461
-2.28816676139832 35.9500007629395
8.70516681671143 27.7450008392334
7.17783355712891 34.0979995727539
7.3401665687561 30.4143333435059
8.46500015258789 25.6800003051758
-6.92666673660278 39.4933319091797
2.08233332633972 30.8993339538574
9.0218334197998 29.1618328094482
-5.93033313751221 29.9443340301514
-2.29999995231628 31.8333339691162
-6.96666669845581 36.2333335876465
6.82233333587646 29.6686668395996
-6.90000009536743 33.5666656494141
-0.416666656732559 34.1333351135254
-1.16666662693024 29.4333324432373
-6.05000019073486 38.7666664123535
-4.06666660308838 37.7000007629395
9.14999961853027 18.3833332061768
2.53333330154419 37.9333343505859
-2.64333343505859 32.6586685180664
-2.42499995231628 34.8333320617676
-2.21666669845581 35.6166648864746
7.37333345413208 38.3349990844727
-1.13333332538605 34.0166664123535
-4.33900022506714 30.2385005950928
-3.60533332824707 33.5
-1.48333334922791 35.4166679382324
-5.62799978256226 32.757999420166
0.517666637897491 25.1555004119873
-4.80833339691162 34.7249984741211
1.2683333158493 30.6550006866455
-5.69999980926514 31.8333339691162
-3.96666669845581 36.4333343505859
-2.74783325195313 33.2321662902832
-8.36566638946533 34.0745010375977
3.54999995231628 38.6333351135254
-10.6831665039063 35.5831680297852
1.72166669368744 33.6166648864746
-7.94166660308838 31.6166667938232
-5.07233333587646 32.836498260498
3.40000009536743 40.216667175293
8.91416645050049 29.2748336791992
-5.09999990463257 39.0666656494141
10.9430551528931 30.0755558013916
10.9288330078125 30.0736675262451
8.11083316802979 32.2841682434082
-1.42083334922791 34.5391654968262
0.976666629314423 29.878833770752
8.7902774810791 30.1247215270996
7.40333318710327 30.4720001220703
7.61233329772949 28.8063335418701
9.17716693878174 30.7491664886475
9.17716693878174 30.7491664886475
8.2209997177124 30.2231674194336
8.77950000762939 27.8826675415039
-11.3295001983643 35.0651664733887
-0.0173333324491978 35.3515014648438
8.96616649627686 30.708833694458
3.36566662788391 30.2263336181641
9.48633289337158 31.0296669006348
7.27050018310547 28.6601657867432
1.54999995231628 31.1000003814697
4.41666650772095 32.5666656494141
2.53333330154419 31.966667175293
0.691666662693024 34.1674995422363
-3.76033329963684 36.0224990844727
5.58599996566772 27.4731674194336
-11.0520000457764 37.3370018005371
-5.5 33.9166679382324
9.08316707611084 28.4368324279785
-2.09999990463257 33.0999984741211
-4.30000019073486 39.5666656494141
-8.45199966430664 33.9855003356934
-8.37583351135254 34.2514991760254
-5.08333349227905 32.0666656494141
-3.45000004768372 31.8833332061768
-8.01666641235352 38.75
-5.08333349227905 30.4166660308838
-3.36666655540466 38.533332824707
3.79999995231628 43.25
8.18583297729492 32.151668548584
10.4808333333333 33.8941666666667
8.15416622161865 32.2418327331543
8.07866668701172 33.1046676635742
2.99483323097229 29.5485000610352
7.73333311080933 27.9833335876465
1.75 40.0816650390625
6.3328332901001 31.6561660766602
8.92216682434082 29.4764995574951
-6.66666650772095 36.2333335876465
6.51000022888184 29.6200008392334
8.99100017547607 31.5335006713867
9.948 34.1903343200684
-3.97499990463257 35.1416664123535
4.56349992752075 28.4220008850098
2.01066660881042 29.8213329315186
4.11783313751221 30.7333335876465
6.56750011444092 30.5136661529541
7.90100002288818 31.8883323669434
-6.22333335876465 39.223331451416
5.03733348846436 25.1491661071777
1.45000004768372 32.0666656494141
4.13533353805542 27.8976669311523
0.200666666030884 32.5496673583984
3.59883332252502 26.746000289917
4.0286111831665 25.8630561828613
0.982222199440002 27.1702766418457
4.17055559158325 27.0822238922119
4.16694450378418 25.1761112213135
3.81694436073303 23.6708335876465
-3.32027769088745 29.3180561065674
3.9902777671814 26.434720993042
0.625 22.4644451141357
4.23333358764648 28.75
-4.14833307266235 26.5122222900391
-3.50583338737488 27.1224994659424
-3.03055548667908 28.1686096191406
-1.32527768611908 29.375
-0.743611097335815 26.5488891601563
-1.29222214221954 26.2138900756836
2.66194462776184 28.5005550384521
3.66805553436279 27.8838882446289
1.39888882637024 27.6083335876465
-0.970666706562042 28.6886672973633
3.1358335018158 26.8863887786865
-2.68361115455627 27.3330554962158
4.19999980926514 22.8333339691162
-3.4171667098999 22.5103340148926
2.71666669845581 23.783332824707
3.23449993133545 19.7691669464111
-1.63333332538605 27.0833339691162
2.95833325386047 26.013334274292
-25.5000991821289 30.9137992858887
-25.9383316040039 27.9258327484131
-23.8408336639404 29.4546661376953
-20.0188331604004 28.621166229248
3.83500003814697 11.5206670761108
0.0201666671782732 18.2865009307861
2.13333344459534 27.9833335876465
3.90199995040894 28.3740005493164
-0.813333332538605 26.6650009155273
3.36199998855591 20.3028335571289
4.77649974822998 22.7765007019043
-10.7594995498657 25.5033340454102
5.36666679382324 26.466667175293
-3.24683332443237 28.1156673431396
-6.08333349227905 26.9166660308838
4.63833332061768 25.8549995422363
4.33500003814697 18.5897216796875
2.61666655540466 26.1333332061768
3.29999995231628 28.5666675567627
-4.11299991607666 29.091667175293
-3.36666655540466 28.0166664123535
1.94216668605804 30.058500289917
0.998166680335999 30.0638332366943
2.78799986839294 29.0811672210693
-6.12116670608521 24.5458335876465
1.13199996948242 23.6046657562256
-26.2437133789063 28.1502780914307
-1.39166665077209 26.348611831665
-5.90157508850098 22.4752388000488
-6.12492799758911 23.5714092254639
-1.37000000476837 28.0197219848633
-5.95149993896484 28.033166885376
-4.66300010681152 28.6606674194336
1.26816666126251 30.6556663513184
18.5666675567627 -72.283332824707
18.8523330688477 -71.8166656494141
19.4318332672119 -72.6271667480469
19.1386661529541 -72.015998840332
19.1878337860107 -72.0120010375977
18.3856658935547 -73.1356658935547
18.2333335876465 -72.5166702270508
18.6666660308838 -74.1666641235352
19.9333324432373 -72.8499984741211
19.5376663208008 -71.7285003662109
19.3333339691162 -72.1166687011719
2.86666679382324 23.6041660308838
18.8048305511475 -72.6204605102539
17.9323253631592 -76.7787704467773
27.25950050354 -80.8550033569336
33.4370002746582 -111.983833312988
-29.4218330383301 28.6671657562256
-25.9370002746582 27.9220008850098
-25.5 30.915
-29.3666667938232 28.530834197998
-29.3736667633057 28.4903335571289
-29.8844451904297 28.3613891601563
-29.9179992675781 28.6398334503174
-29.8878326416016 28.6531658172607
-28.8666666666667 28.05
-29.7534999847412 28.3543338775635
-29.0051670074463 28.8535003662109
-29.8374996185303 28.7726669311523
-29.1333333333333 28.9666666666667
-29.923999786377 27.8423328399658
-29.8 27.25
-29.7061672210693 28.2898330688477
-29.2756671905518 29.0694999694824
-29.3333333333333 29.2
-29.5499992370605 28.283332824707
-29.3018341064453 27.5018329620361
-30.0666675567627 27.8668327331543
-30.0196666717529 28.191333770752
-30.4 27.7
-29.5508327484131 28.97483253479
-29.9269444444444 29.0441666666667
-29.7233333587646 28.7689990997314
-30.0402777777778 28.3761111111111
-29.8365001678467 28.0548324584961
-29.3088340759277 28.4855003356934
-29.2711111111111 28.5516666666667
-29.3346672058105 28.6761665344238
-30.0508327484131 28.4553337097168
-29.2333333333333 28.8833333333333
-29.0739994049072 29.0723342895508
-17.1716666666667 37.95
-13.355 38.5833333333333
-12.2055 38.1741666666667
-21.5633335113525 35.4726676940918
-17.8333339691162 35.3341674804688
-12.3011666666667 36.6971666666667
-24.6843338012695 33.5603332519531
-18.59 36.4483333333333
-12.8833333333333 35.7333333333333
-24.5235004425049 32.9661674499512
-12.1166667938232 34.7825012207031
-13.4066666666667 39.8
-15.46 39.6216666666667
-16.95 36.1166666666667
-20.7333333333333 34.7983333333333
-16.6691666666667 34.6788333333333
-11.5916662216187 27.531665802002
-16.1466666666667 38.3733333333333
-18.7066666666667 34.08
-15.5083333333333 36.9916666666667
-15.5666666666667 38.0333333333333
-12.35 40.6016666666667
-18.4 35.0166666666667
-15.9583333333333 37.1416666666667
-16.1000003814697 33.6333351135254
-21.54 35.2016666666667
-12.1531666666667 38.2821666666667
-14.3911113739014 38.3155555725098
-15.1666666666667 36.8
-11.857 38.4205
-15.6 39.95
-18.4106666666667 36.1
-16.4333333333333 36.7616666666667
-11.8175001144409 40.6028327941895
-12.2393333333333 37.9988333333333
-23.8475 32.6318333333333
-14.3395557403564 35.6633338928223
-13.5 36.1
-14.9383333333333 37.415
-18.2933333333333 35.935
-23.95 32.1666666666667
-13.8533333333333 37.1783333333333
-12.1688333333333 37.5466666666667
-14.6666666666667 38.9
-16.8983333333333 37.8066666666667
-12.1166666666667 37.6883333333333
-18.2683333333333 36.6566666666667
-15.1966666666667 35.8683333333333
-12.6999998092651 34.7999992370605
-16.1233333333333 35.7433333333333
-17.3 37.5
-17.35 35.58
-16.845 36.9766666666667
-15.55 36.25
-16.7416666666667 39.2166666666667
-17.9783333333333 35.7083333333333
-16.3116666666667 37.865
-17.9633333333333 34.3733333333333
-15.4566666666667 38.6783333333333
-13.2283333333333 37.555
-12.8893337249756 36.761833190918
-13.1216666666667 39.0466666666667
-14.3166666666667 36.8083333333333
-13.75 36.9833333333333
-13.08 35.6316666666667
-11.6616666666667 39.5595
-15.9166666666667 37.5333333333333
-12.4658336639404 37.6622505187988
-17.3666666666667 35.0333333333333
-16.7733333333333 38.9
-12.5366666666667 38.993
-14.0668333333333 39.4436666666667
-11.0725 39.6741666666667
-15.4333333333333 37.45
-12.4619998931885 37.4908332824707
-14.0316666666667 37.8533333333333
-14.9333333333333 38.6833333333333
-14.905 39.9966666666667
-15.94 36.8883333333333
-15.7166666666667 39.35
-17.0033333333333 38.6433333333333
-13.1833333333333 38.74
-11.775 35.2
-12.0666666666667 35.6
-17.26 38.185
-10.75 40.47
-13.4875 36.5858333333333
-14.9566666666667 38.32
-15.1966666666667 36.6941666666667
-21.1633333333333 34.56
-12.2318333333333 38.0103333333333
-16.5506666666667 39.6205
-11.0346666666667 40.6071666666667
-14.84 40.3338333333333
-16.1823329925537 39.9451675415039
-19.7947166666667 34.8991666666667
-13.2833333333333 35.25
-15.0333337783813 40.6833343505859
-25.93195 32.5763833333333
-12.9833333333333 40.5166666666667
-17.85 36.8666666666667
-22.0166666666667 35.3166666666667
-12.579 37.1985
-12.127833366394 38.3106651306152
-15.6790285110474 34.9739990234375
-13.921667098999 39.908332824707
-25.9397220611572 27.9246654510498
-14.4783334732056 40.7066650390625
-19.1466674804688 33.4388885498047
-25.9249992370605 32.5716667175293
-18.8866672515869 35.7933349609375
-19.1866664886475 35.4866676330566
-12.4233331680298 40.6083335876465
-12.2868766784668 37.81787109375
-14.8158330917358 36.5299987792969
-23.8666667938232 35.4166679382324
-13.2833337783813 35.25
-15.0333337783813 40.6833343505859
-11.8175001144409 40.6027793884277
-25.9249992370605 32.5716667175293
-14.8833332061768 40.3333320617676
-14.8166666030884 37.0069999694824
-21.4850006103516 35.4583320617676
-12.3333330154419 36.1666679382324
-12.1988887786865 40.5669441223145
-25.5013332366943 30.9116668701172
-14.7052774429321 34.3541641235352
-10.7666664123535 40.6666679382324
-3.22300004959106 40.1004981994629
-12.5516662597656 36.2666664123535
-15.4911670684814 36.2701683044434
-6.87816667556763 39.2026672363281
-15.6166667938232 39.6500015258789
-15.2666664123535 40.2333335876465
-12.1683330535889 38.0895004272461
-17.9316673278809 31.0949993133545
-12.4965000152588 35.423999786377
-10.3333330154419 40.1816673278809
-20.0619430541992 30.8619441986084
-11.9208335876465 38.4111671447754
-15.3266668319702 28.4566669464111
-12.1645002365112 40.4485015869141
-13.2594442367554 31.9333324432373
-15.2123498916626 38.6041488647461
-14.4535970687866 39.4624519348145
-18.3040008544922 36.3818321228027
-11.9538831710815 36.2652015686035
-12.9849720001221 39.8766555786133
-1.32133328914642 36.814998626709
-12.9713888168335 40.3963890075684
-11.3397302627563 37.8356590270996
-11.9209003448486 38.410961151123
-11.4447498321533 34.0117492675781
-15.2545003890991 23.162166595459
-17.8216667175293 25.8227787017822
-14.8791666030884 40.0472221374512
-11.7922496795654 38.024284362793
-11.339599609375 38.3023834228516
-15.5440664291382 38.7666816711426
-16.5736675262451 35.1096649169922
-20.2847213745117 44.3175010681152
-15.5632934570313 40.4123687744141
-11.6028337478638 36.9226684570313
-25.6553325653076 28.2213325500488
-12.1321830749512 35.539363861084
-6.16970014572144 35.7523002624512
-11.4265832901001 38.4895515441895
-12.5752334594727 36.535083770752
-12.0737495422363 37.0169982910156
-12.4428329467773 37.6708984375
-18.6458339691162 35.4618339538574
-14.2544441223145 38.2477760314941
-12.5299997329712 40.6004524230957
-1.32270002365112 36.9261016845703
-25.0374450683594 33.6273612976074
3.125 35.6083335876465
43.5813331604004 -116.523002624512
44.8887176513672 -116.101753234863
1.59016668796539 18.0508327484131
6.309166431427 46.2238349914551
-5.10833311080933 16.5249996185303
3.43333333333333 30.7833333333333
3.03333333333333 30.4666666666667
0.537500023841858 42.0564994812012
2.73333333333333 23.8
2.26666665077209 35.0499992370605
-2.63333344459534 37.25
-1.01666666666667 27.1
2.51666666666667 28.7833333333333
-3.13833332061768 21.574333190918
-2.37616658210754 35.4893341064453
1.79999995231628 37.2000007629395
-3.35916662216187 36.6216659545898
3.04999995231628 30.8999996185303
4.63333333333333 25.85
17.7133333333333 34.0503333333333
2.55 30.5
-6.51616668701172 38.9739990234375
-3.71666666666667 17.9666666666667
3.10833334922791 43.625
-4.85 19.9166666666667
3.61483335494995 37.337833404541
1.5 25.3166666666667
4.1710000038147 27.07200050354
-3.31133341789246 17.3816661834717
4.39833354949951 18.5200004577637
-5.45 20.45
-4.2 17.8333333333333
-2.81683325767517 33.966667175293
1.78333330154419 36.7999992370605
-4.11666666666667 29.0833333333333
-4.4283332824707 35.158332824707
1.22483336925507 19.7881660461426
-4.31666666666667 20.4333333333333
-4.38333333333333 22.1833333333333
3.75166654586792 19.0773334503174
4.5 19.1333332061768
-5.18333333333333 19.9833333333333
-3.28016662597656 17.6089992523193
0.511833310127258 29.4766674041748
3.63333333333333 17.7833333333333
1.01666666666667 20.6
-6.16833353042603 37.1515007019043
-6.25299978256226 23.9465007781982
-4.33683347702026 30.0354995727539
-0.733333333333333 18.1333333333333
-2.66583323478699 31.3653335571289
2.61666655540466 26.1333332061768
-3.36666666666667 19.65
2.36666655540466 20.513500213623
3.3 28.5666666666667
-2.13150000572205 36.8431663513184
-15.6666669845581 34.966667175293
1.76666666666667 30.6166666666667
-0.286500006914139 20.8836669921875
1.03333333333333 29.9833333333333
1.4 30.2833333333333
4.13333320617676 19.3999996185303
-1.24883329868317 22.0086669921875
2.78333333333333 20.7833333333333
-5.31666666666667 16.7666666666667
3.05 20.6166666666667
-2.88527774810791 18.3541660308838
-0.589666664600372 22.2998332977295
1.85 23.1166666666667
-2.17366671562195 16.2678337097168
-3.85 21.1333333333333
-2.8 19.9
-5.85400009155273 13.063666343689
-0.783333361148834 35.3166656494141
-3.38333333333333 20.05
2.16666666666667 25.5
-3.1 18.7666666666667
9.94900035858154 43.1376647949219
11.2833337783813 49.2000007629395
-2.61666666666667 21.0666666666667
-1.45 19.0166666666667
-3.28766655921936 18.8285007476807
1.86666667461395 21.783332824707
-0.403999984264374 19.0871658325195
0.666666666666667 29.9
3.1 18.9833333333333
1.26750004291534 42.5875015258789
2.66666666666667 19.7
-3.63066673278809 35.6543350219727
-3.31833338737488 29.3166675567627
-1.33350002765656 31.8193340301514
-9.2276668548584 25.8299999237061
-2.30833339691162 28.8083324432373
-7.78333333333333 27.2166666666667
-3.91666666666667 16.65
-4.62733316421509 21.5555000305176
-4.2 21.6666666666667
-6.05 21.8833333333333
2.18266677856445 22.4816665649414
-3.4 20.5166666666667
-2.04999995231628 33.8666648864746
0.683333337306976 30.0499992370605
0.566666662693024 34.5499992370605
1.56666672229767 30.2116661071777
1.56666672229767 30.2116661071777
1.03333333333333 30.2166666666667
-4.13333333333333 18.5833333333333
0.466666668653488 34.1333351135254
-3.08333333333333 16.3
0.115000002086163 29.3146667480469
-8.29500007629395 34.2988319396973
-4.56666660308838 33.9166679382324
-8.55000019073486 33.4333343505859
-9.38333320617676 33.6500015258789
-8.81616687774658 34.0320014953613
-13.5333337783813 32.6333351135254
-1.58566665649414 39.4728317260742
-4.26666688919067 35.5
0.0625 40.3128318786621
-7.55000019073486 37.783332824707
11.7916666666667 34.3366666666667
2.12491655349731 45.2721328735352
-3.50633335113525 21.4080009460449
8.55799961090088 34.8546676635742
-5.48333333333333 22.2333333333333
-6.88333333333333 21.7666666666667
-6.98333333333333 21.2
-3.35 23.4333333333333
-4.03333333333333 24.4666666666667
-10.7604999542236 22.344165802002
3.65949988365173 26.0583324432373
-3.35949993133545 24.4988327026367
2.42816662788391 42.9720001220703
-3.68333333333333 24.05
11.5483331680298 43.1599998474121
-2.97000002861023 17.1063327789307
-5.44700002670288 20.9675006866455
0.633333325386047 22.4629993438721
0.413000017404556 41.002498626709
-6.17016649246216 35.7436676025391
3.13333333333333 29.5833333333333
19.1466666666667 30.4333333333333
4.73333333333333 27.6833333333333
-4.25483322143555 18.7530002593994
-2.88333333333333 18.7333333333333
3.6 28.9
2.68333333333333 27.4166666666667
-4.86999988555908 16.6450004577637
-2.5 23.9166666666667
-1.53333330154419 36.0166664123535
3.84100008010864 47.1643333435059
-1.80766665935516 35.7061653137207
-2.48449993133545 35.7471656799316
-0.569000005722046 37.4923324584961
-3.18333339691162 35.2666664123535
-2.45000004768372 35.8333320617676
-2.6341667175293 35.5503349304199
-5.54483318328857 36.4588317871094
-3.09999990463257 35.966667175293
0.0396666675806046 32.457332611084
-1.78366672992706 36.0540008544922
-3.70300006866455 35.2864990234375
-2.63100004196167 35.8898315429688
-5.05 21.35
-2.6949999332428 35.4464988708496
-2.65 19.9333333333333
3.71583342552185 29.7099990844727
-4.13333333333333 17.3
4.13333320617676 15.1499996185303
-25.9333324432373 32.5666656494141
-10.5333333333333 27.3166666666667
6.77133321762085 47.4436683654785
12.5333333333333 35.0583333333333
-6.71666666666667 23.95
0.533333361148834 38.5166664123535
-0.45716667175293 39.6421661376953
8.40516662597656 48.4931678771973
-2.26666665077209 40.091667175293
3.88333344459534 20.75
4.2519998550415 20.9731674194336
-4.8 16.4833333333333
3.23533344268799 19.7709999084473
13.4883333333333 22.45
-1.68333327770233 29.25
5.93333339691162 43.5833320617676
-1.67166662216187 29.2395000457764
-5.74650001525879 19.2958335876465
3.28333330154419 39.533332824707
-2.15916657447815 34.2216682434082
2.46666666666667 20.1
2.61666666666667 19.7833333333333
1.03333330154419 39.5166664123535
10.4666662216187 51.25
-17.9333324432373 31.1000003814697
4.71633338928223 47.8248329162598
9.4883337020874 44.0883331298828
-4.19700002670288 35.0226669311523
-3.86849999427795 35.3933334350586
-1.51666665077209 40.0166664123535
0.7 29.5166666666667
4.12166690826416 43.8833351135254
-1.13316667079926 41.0498352050781
-6.61666679382324 35.4333343505859
-4.33766651153564 34.8356666564941
-12.3500003814697 40.5833320617676
-4.97116661071777 19.5785007476807
-7.30000019073486 36.3666648864746
1.11666666666667 29.6333333333333
-3.98333333333333 21.5833333333333
-3.91666666666667 28.7
-8.06999969482422 36.6966667175293
-1.59583330154419 40.5123329162598
-1.04833328723907 23.3716659545898
-2.91666666666667 18.0666666666667
-2.6 27.6666666666667
-8.75766658782959 33.2888336181641
-4.32999992370605 20.5898342132568
-1.81666672229767 35.7000007629395
0.25 24.3833333333333
3.61083340644836 20.8010005950928
-5.53066682815552 13.5788335800171
2.8 29.0833333333333
-4.9 23.3
-1.94666659832001 18.2854995727539
-5.18333333333333 19.5
-6.71666669845581 32.0499992370605
-7.13333320617676 36.5
-2.55 18.2333333333333
-3.30999994277954 16.1266670227051
-2.5753333568573 20.3641662597656
-5.78333333333333 20.55
-7.67500019073486 35.7516670227051
1.46666666666667 29.9
-2.81666666666667 17.7333333333333
-3.05 21.9666666666667
-1.41666666666667 22.3333333333333
-0.75 29.6333333333333
0.349999994039536 37.5999984741211
2.81333327293396 27.6016674041748
2.82666659355164 27.5883331298828
-4.1710000038147 32.9034996032715
1.76666666666667 30.0666666666667
-5.68333339691162 34.5166664123535
-3.36666666666667 17.5333333333333
4.879 31.5928333333333
3.51666665077209 34.033332824707
0.546999990940094 35.7281684875488
-8.25 22.6833333333333
-6.08333333333333 26.9166666666667
-5.8 20.6666666666667
-7.4 28.0333333333333
-7.35699987411499 25.5796661376953
-4.8 16.4833333333333
-6.1 19.95
4.32483339309692 35.6505012512207
-7.06666666666667 23.0333333333333
-9.68333333333333 23.85
-2.38333344459534 32.0833320617676
-7.34100008010864 18.9891662597656
-7.8 23.3833333333333
-2.63333333333333 26.1
0.196999996900558 32.5519981384277
-1.81666672229767 36.783332824707
-7.64766693115234 18.4971675872803
-3.23333334922791 35.0166664123535
0.270166665315628 34.7831649780273
2.88316679000854 36.001335144043
-7.33333333333333 23.8333333333333
3.70816659927368 34.8833351135254
-5.03333330154419 31.7999992370605
3.4 18.65
-6.73333333333333 22.15
3.13750004768372 37.423999786377
-5.86666666666667 29.25
2.28533339500427 35.4249992370605
3.04150009155273 33.3745002746582
3.49133324623108 35.8381652832031
-6.46666666666667 20.4
-5.86666679382324 29.25
-3.53333333333333 27.1166666666667
-7.36666666666667 19.05
-3.05 28.15
-3.6 26.7
-5.90000009536743 22.466667175293
-6.03333333333333 19.3666666666667
-9.36666666666667 24.6833333333333
-7.58333333333333 24.1666666666667
-7.33333333333333 29.1833333333333
-5.56666666666667 22.8666666666667
-8.37116622924805 22.6473331451416
1.2664999961853 35.1165008544922
2.04866671562195 35.4233322143555
-9.94999980926514 33.8833351135254
3.36166667938232 20.2991676330566
2.5 37.5666656494141
1.16983330249786 36.0846672058105
-4.54633331298828 30.1046657562256
-10.3833333333333 23.4166666666667
-7.7 24.0666666666667
-10.3666666666667 28.6
-1.61666666666667 27.05
-7.13333333333333 21.6166666666667
-7.21666666666667 23.7333333333333
-6.65 22.3666666666667
-4.52483320236206 26.6013336181641
15.3866666666667 36.33
-4.85 20.3166666666667
-1.31666666666667 29.3666666666667
-0.8 29.35
-5.43333333333333 23.0333333333333
0.333333333333333 25.5
-2.43333333333333 27.4166666666667
2.29999995231628 35.4166679382324
-6.06666666666667 22.6333333333333
-10.5666666666667 27.85
-6.81666666666667 17.4833333333333
-6.4 22.0166666666667
-1.58599996566772 35.2516670227051
-2.9 18.3833333333333
-4.83333333333333 17.05
-0.416666656732559 35.25
-1.96666669845581 30.1333332061768
15.5846662521362 32.5566673278809
-3.83949995040894 32.683666229248
-0.633333325386047 37.8833351135254
-4.6 17.5833333333333
-2.9 27.3
-5.31666666666667 18.9833333333333
-3.52649998664856 30.650333404541
-3.15 17.2666666666667
-8.25 26.3666666666667
-5.01666666666667 17.6333333333333
-4.89333343505859 29.6749992370605
-8.65166664123535 35.8683319091797
-2.24283337593079 33.9996681213379
-0.933333337306976 36.5666656494141
-3.53333333333333 27.7333333333333
-4.26300001144409 17.1830005645752
-5.03566646575928 18.7856674194336
-3.42650008201599 37.0550003051758
-4.5 29.1666666666667
-1.06666672229767 34.8666648864746
1.81666666666667 30.2333333333333
-9.2906665802002 28.3269996643066
-6.78333330154419 37.1333351135254
-4.4 28.35
-5.61666666666667 17.6
-4.58333333333333 18.0666666666667
-5.83333349227905 15.0500001907349
-4.21666666666667 15.5666666666667
-8.45766639709473 38.5706672668457
-2.91816663742065 25.9091663360596
-5.73333333333333 15.8833333333333
-7.37333345413208 18.2803325653076
-4.96383333206177 13.6478328704834
-4.66666666666667 15.1833333333333
-4.05 18.8833333333333
-5.03333333333333 17.65
-2.48333334922791 40.6333351135254
-5.91666666666667 20.4333333333333
-6.13533353805542 25.1580009460449
-9.04316711425781 38.2798347473145
-1.49983334541321 18.9284992218018
0.481666654348373 25.3333339691162
0.466666666666667 25.3166666666667
-10.6665000915527 23.171667098999
-6.01666666666667 25.8833333333333
-0.666666686534882 34.7000007629395
-0.346666663885117 42.466667175293
-1.26666665077209 29.716667175293
-0.0904999971389771 34.7206649780273
-5.63333320617676 34.3666648864746
0.976999998092651 34.9625015258789
3.28916668891907 32.8839988708496
-5.58333333333333 13.9333333333333
1.13333333333333 29.9666666666667
-1.36666667461395 37.9833335876465
-3.25 28.1
-5.39849996566772 37.1898345947266
-1.74116671085358 41.482666015625
-4.71666666666667 18.1
-1.96383333206177 41.2946662902832
-5.30149984359741 36.5471649169922
-7.68599987030029 36.9866676330566
-11.1735000610352 24.1946659088135
-6.86666679382324 37.0166664123535
-5.88316679000854 34.9836654663086
-6.4573335647583 30.0043334960938
-0.166666666666667 25.35
3.28333333333333 20.35
-6.16216659545898 36.4226684570313
0.890166640281677 36.2999992370605
-3.41849994659424 22.5144996643066
-4.45 17.4166666666667
-6.9 21.2
-10.7666664123535 25.5
-4.88833332061768 35.7703323364258
-5.75 12.25
-2.97000002861023 17.7216663360596
8.53699970245361 48.6936683654785
2.95199990272522 34.1199989318848
-4.16666666666667 21.75
3.81200003623962 34.3559989929199
-1.55283331871033 31.1043338775635
-4.40166664123535 15.4183330535889
-3.54833340644836 16.4183330535889
-2.21666666666667 27.1333333333333
4.16666666666667 21.6666666666667
0.899999976158142 34.9500007629395
2.16833329200745 36.906665802002
-2.71399998664856 18.1620006561279
-2.66666666666667 23.1833333333333
-6.56666666666667 20.0166666666667
1.56666672229767 37.8166656494141
-1.56666672229767 34.7999992370605
-2.246333360672 40.9099998474121
-7.63333320617676 35.4166679382324
-11.1829996109009 36.3554992675781
3.62683343887329 18.6383323669434
0.416500002145767 40.966667175293
-5.17333316802979 14.3649997711182
3.08333333333333 25.5166666666667
-10.9416666030884 36.091667175293
3.3659999370575 23.9284992218018
-10.9 26.75
-13.7883329391479 33.783332824707
1.21666666666667 22.1
2.43333333333333 19.2
-9.85000038146973 39.7583351135254
2.17083334922791 21.4972229003906
-11.1083335876465 34.6500015258789
-9.80099964141846 37.869499206543
-5.25 35.033332824707
-5.37966680526733 37.2248344421387
3.121333360672 35.6041679382324
1.98333334922791 37.9166679382324
-4.03333330154419 36.4333343505859
0.612500011920929 36.8019981384277
-2.91166663169861 37.5258331298828
2.39166665077209 35.6458320617676
4.31666660308838 35.6833343505859
4.20433330535889 34.3424987792969
1.96666669845581 36.0166664123535
1.13199996948242 23.6046657562256
-2.06883335113525 35.5438346862793
1.38333333333333 29.5166666666667
-4.63333333333333 24.8333333333333
4.43333333333333 19.5333333333333
-2.29016661643982 23.3544998168945
-6.61666666666667 21.5333333333333
2.88849997520447 35.2608337402344
-4.26933336257935 36.3756675720215
-2.74883341789246 22.5573329925537
4.28516674041748 35.8684997558594
2.75 36.716667175293
-7.31666666666667 22.0333333333333
-4.91416645050049 13.5989999771118
0.666666666666667 29.9
-11.6049995422363 27.5216674804688
-5.39033317565918 25.7436676025391
-0.133333333333333 29.25
-11.6000003814697 27.3666667938232
-6.57116651535034 22.6480007171631
-9.91383361816406 25.970666885376
-9.4689998626709 25.7593326568604
-8.91749954223633 36.1276664733887
-8.62266635894775 33.8851661682129
-4.85 13.7666666666667
-9.75 27.8
-7.18333333333333 22.3833333333333
-5.51666666666667 14.5
-1.13499999046326 17.1070003509521
-4.38333333333333 22.1833333333333
-6.05 21.8833333333333
-2.31666666666667 27.5166666666667
-0.0833333358168602 13.566333770752
-8.2 24.7333333333333
-4.13333333333333 17.5833333333333
-7.2 23.7
-15.3266668319702 28.4566669464111
-4.96166658401489 23.3784999847412
-4.8 18.7333333333333
-8.93333333333333 27.1833333333333
-6.2 22.1
3.80666661262512 42.5463333129883
-7.93333333333333 28.5333333333333
-2.96666669845581 33.5166664123535
-5.13333320617676 35.283332824707
-1.93949997425079 36.283332824707
2.16666666666667 31.15
2.92933320999146 37.6341667175293
2.7 29.8666666666667
-6.05000019073486 35.0166664123535
-5.71666669845581 35.4000015258789
-1.88333333333333 16.8166666666667
-2.29316663742065 37.8273315429688
-3.22166657447815 40.098331451416
9.55266666666667 31.646
-5.53333333333333 14.35
-2.46466660499573 16.4803333282471
-8.01966667175293 26.7915000915527
-3.22916674613953 40.1018333435059
-4.05 15.5666666666667
-5.76666666666667 20.35
1.86666666666667 27.4333333333333
1.33333333333333 29.1
-5.75833320617676 34.8030014038086
3.93099999427795 41.84033203125
-4.08333333333333 19.5
-7.28900003433228 27.3931674957275
-7.26666666666667 17.05
-11.3280000686646 36.857666015625
0.416666656732559 42.7000007629395
0.949333310127258 36.7548332214355
2.34816670417786 37.9958343505859
-3.20000004768372 33.7999992370605
-1.71666669845581 40.1165008544922
-4.8 17.5833333333333
-5.06666666666667 22.85
-0.8796666264534 37.6086654663086
-4.78200006484985 17.8549995422363
-6.16666666666667 17.65
-4.6448335647583 29.7495002746582
-5.66666666666667 13.95
-0.0500000007450581 39.0499992370605
0.0233333334326744 18.2883338928223
-5.2 14.9
-0.550000011920929 30.6000003814697
-5.93333333333333 20.7666666666667
-8.97133350372314 36.8881683349609
-10.9584999084473 35.007999420166
-7.36666679382324 35.5
-6.83333333333333 22.0166666666667
-6.13333333333333 19.1333333333333
-11.3365001678467 37.0665016174316
-7.67616653442383 38.0871658325195
-6.12083339691162 23.5688323974609
-8.91666698455811 33.4583320617676
-7.77083349227905 39.0096664428711
-8.44999980926514 33.8528327941895
1.31666666666667 20.7
1.42299997806549 37.7243347167969
18.4 31.8216666666667
-7.91666650772095 39.6666679382324
-0.458333343267441 34.0499992370605
-5.98333311080933 34.1166648864746
-11.5579996109009 36.4690017700195
-1.11333334445953 34.4819984436035
-3.78333333333333 28.7166666666667
-4.23066663742065 18.3230838775635
-2.49033331871033 20.0066661834717
-4.68333333333333 24.3
2.46666666666667 21.9666666666667
-5.66666650772095 30.283332824707
-3.88333333333333 17.35
-4.75416660308838 17.4750003814697
-5.34526109695435 24.8573589324951
-0.100000001490116 37.8166656494141
-8.64433288574219 27.3438339233398
-4.80000019073486 34.8666648864746
-4.67150020599365 36.679500579834
-4.63333320617676 38.0833320617676
-5.71666669845581 38.8166656494141
-2.51016664505005 35.6068344116211
-7.0848331451416 29.7373332977295
-4.2 18.9
-7.03333333333333 22.7166666666667
-2.46666666666667 26.8
-3.98333333333333 18.9666666666667
2.11666666666667 23.2833333333333
-4.38333333333333 18.1666666666667
-4.88983345031738 38.2378349304199
-5.25 22.6
1.65 23.15
-2.49749994277954 35.9001655578613
-0.883333333333333 22.75
-2.81666666666667 17.8833333333333
-0.0833333333333333 19.9833333333333
-1.72283327579498 20.6898326873779
-13.1196670532227 39.0533332824707
-6.79533338546753 37.6525001525879
2.51666665077209 34.5666656494141
-3.36733341217041 37.3098335266113
-6.35833311080933 31.0833339691162
4.11666666666667 19.2166666666667
-6.34999990463257 36.4833335876465
-7.6651668548584 31.5515003204346
-8.06799983978271 33.9480018615723
-4.55000019073486 37.5666656494141
-10.7316665649414 38.783332824707
-2.27049994468689 35.8078346252441
-7.28333330154419 35.9833335876465
-10.75 36.9500007629395
-3.87633323669434 34.7526664733887
-7.80000019073486 38.2999992370605
-8.19999980926514 36.966667175293
-10.3333330154419 40.1816673278809
-6.68333333333333 22.5333333333333
-5.93050003051758 12.3513336181641
-11.6666669845581 39.5499992370605
-1.86916661262512 34.6425018310547
-5.6361665725708 19.7818336486816
-5.15683317184448 14.0388336181641
-6.23333333333333 19.1833333333333
-7.53333333333333 28.7
-7.82299995422363 27.003999710083
-5.06666666666667 28.9166666666667
-1.26666666666667 26.2166666666667
-3.98333333333333 17.9166666666667
-10.7666666666667 26.6333333333333
-7.31666666666667 22.8166666666667
2.63333333333333 28.5
-2.48333334922791 30.6499996185303
-1.50950002670288 33.8025016784668
-5.5 21.4333333333333
-1.2831666469574 35.0665016174316
-0.983333333333333 29.1333333333333
-1.85000002384186 38.2000007629395
-10.6333333333333 24.4833333333333
-4.33333333333333 18.75
-4.93333333333333 18.7666666666667
-6.37449979782104 35.8986663818359
-5.63333333333333 13.4333333333333
-2.43899989128113 32.921501159668
-10.7666666666667 27.2166666666667
-3.51666665077209 33.5999984741211
-0.333333343267441 36.9166679382324
-4.85583353042603 21.5453338623047
-3.05 28.4666666666667
-1.13333333333333 29.0666666666667
-4.66666666666667 22.6333333333333
-5.26999998092651 36.1349983215332
-11.4333333969116 34.0166664123535
-5.41983318328857 14.8199996948242
-10.353666305542 38.7761650085449
3.74616670608521 29.5100002288818
-3.01666665077209 35.533332824707
-1.31016671657562 35.4925003051758
-0.783166706562042 36.4338340759277
-0.293166667222977 36.1548347473145
-7.50416660308838 31.0708332061768
-4.05 27.5666666666667
-0.0666666701436043 37.033332824707
4.2 28.0166666666667
2.66883325576782 35.8393325805664
4.11450004577637 35.8438339233398
-2.40100002288818 33.5589981079102
-1.83333337306976 36.0999984741211
-2.63333344459534 35.8666648864746
-1.31666672229767 36.8166656494141
-4.14400005340576 36.798999786377
-5.41666666666667 27.4166666666667
-4.76666688919067 33.25
12.1338329315186 15.0358333587646
-4.38333320617676 15.4499998092651
-6.45 20.3833333333333
2.45 27.65
-10.9341669082642 39.2506675720215
-5.94999980926514 35.1666679382324
3.1 21.5833333333333
-2.43133330345154 40.189998626709
-4.26666666666667 17.1666666666667
0.933333337306976 36.0499992370605
-5.1031665802002 31.0349998474121
-3.21816658973694 35.4743347167969
-2.53966665267944 30.7029991149902
-2.95000004768372 33.2999992370605
-5.15 20.0166666666667
-10.4666666666667 26.05
1.46666666666667 20.3
1.76666665077209 37.283332824707
-8.51666641235352 35.1833343505859
3.66666666666667 27.8833333333333
1.41666666666667 27.6333333333333
2.16666666666667 30.6333333333333
-2.71733331680298 17.6854991912842
-9.35833358764648 34.7716674804688
-4.52883338928223 18.8693332672119
-0.616666666666667 21.9333333333333
-4.41733312606812 33.4431648254395
-4.74266672134399 13.8098335266113
-2.58333325386047 36.9166679382324
-15.1000003814697 39.2799987792969
-9.32083320617676 33.0651664733887
-5.1 14.6
-5.59999990463257 15.3166666030884
-2.2 17.2
-0.831166625022888 18.1231670379639
-2.91666666666667 17.3666666666667
-3.81666666666667 29.1
-6.76666666666667 21.15
-6.8 22.5166666666667
-5.7 22.7
-4.55616664886475 29.8843326568604
-0.0500000007450581 36.3666648864746
1.45000004768372 30.0166664123535
12.0633333333333 24.9333333333333
-5.96600008010864 20.4360008239746
1.43500006198883 30.0328330993652
-2.83733344078064 32.1708335876465
-5.95149993896484 28.033166885376
-6.83333333333333 17.85
-4.22116661071777 33.2055015563965
-1.35 27.7833333333333
-0.866666666666667 26.3
-3.42499995231628 35.6216659545898
-5.53499984741211 16.0816669464111
0.7 29.5166666666667
-4.33472204208374 15.5233335494995
-2.21666666666667 24.05
-0.649999976158142 22.3166675567627
-2.37350010871887 35.6925010681152
-1.71449995040894 35.5559997558594
-3.85 23.8333333333333
-2.4081666469574 35.6271667480469
-1.71383333206177 35.5593338012695
1.75 27.4
-2.64633321762085 35.8516654968262
-2.60349988937378 35.4798316955566
-4.46766662597656 37.2026672363281
-1.5753333568573 36.8110008239746
0.956666707992554 36.2949981689453
-4.64333343505859 16.7083339691162
-3.4226667881012 19.4198341369629
2.86083340644836 33.0801658630371
-3.81116652488709 19.111665725708
-7.18333333333333 17.95
-6.51383352279663 17.2451667785645
-5.24833345413208 39.8199996948242
-12.9499998092651 40.5
-7.71666666666667 29.8
3.16666674613953 35.033332824707
-2.58299994468689 35.498664855957
1.78017497062683 20.9045524597168
-2.28816676139832 35.9500007629395
-3.48333333333333 18.0833333333333
3.13333333333333 26.8833333333333
-5.73916673660278 16.5871658325195
-1.47983336448669 26.4448337554932
-1.38999998569489 26.3428325653076
-8.46666666666667 28.9
-2.7 28.6
-6.92666673660278 39.4933319091797
2.08333333333333 30.9
3.91666674613953 41.216667175293
-1.10616672039032 36.6879997253418
-5.93033313751221 29.9443340301514
-2.29999995231628 31.8333339691162
-6.96666669845581 36.2333335876465
6.83783340454102 29.6703338623047
-6.90000009536743 33.5666656494141
-0.416666656732559 34.1333351135254
-1.15 29.4333333333333
-0.0504999980330467 37.4678344726563
-5.38666677474976 16.2866668701172
-0.783333333333333 29.2833333333333
-6.05000019073486 38.7666664123535
-4.18333333333333 18.7166666666667
-4.06666660308838 37.7000007629395
-9.7 22.9333333333333
-6.13333333333333 20.15
2.53333330154419 37.9333343505859
-3.08333333333333 18.6
-3.2 18.6666666666667
-3.23749995231628 18.1338329315186
-3.38333333333333 18.5333333333333
-2.64333343505859 32.6586685180664
-5.38333333333333 25.75
-2.42499995231628 34.8333320617676
-2.21666669845581 35.6166648864746
-2.68333333333333 27.3333333333333
-8.15583324432373 27.9845008850098
-1.13333332538605 34.0166664123535
-2.02116656303406 36.0391654968262
-4.16666666666667 21.1333333333333
-4.33900022506714 30.2385005950928
-3.60533332824707 33.5
-3.80683326721191 18.5904998779297
-1.48333334922791 35.4166679382324
-5.62799978256226 32.757999420166
-4.80833339691162 34.7249984741211
-5.69999980926514 31.8333339691162
-3.96666669845581 36.4333343505859
-2.74783325195313 33.2321662902832
12.6333332061768 53.9000015258789
-11.2666666666667 27.1833333333333
-8.36566638946533 34.0745010375977
3.54999995231628 38.6333351135254
-10.6831665039063 35.5831680297852
-5.5 13.9166666666667
-8.11301898956299 25.0362949371338
1.72166669368744 33.6166648864746
-7.94166660308838 31.6166667938232
-4.98333333333333 13.35
-5.07600021362305 32.8303337097168
3.40000009536743 40.216667175293
-3.29816675186157 19.0406665802002
-5.09999990463257 39.0666656494141
2.96666666666667 19.35
-3.76033329963684 36.0224990844727
0.423333317041397 37.3333320617676
0.966666666666667 29.8833333333333
-7.69950008392334 17.3419990539551
-3.25 18.1166667938232
-6.56666666666667 20.0166666666667
-11.3295001983643 35.0651664733887
-0.0173333324491978 35.3515014648438
3.38333333333333 30.2333333333333
-2.96700000762939 18.5930004119873
-6.33416652679443 18.2141666412354
-4.98333311080933 12.9333333969116
-6.44216680526733 20.7963333129883
-6.93333333333333 21.9833333333333
-6.38333333333333 22.25
-6.4 20.7833333333333
-6.46666666666667 22.8666666666667
-7.98333333333333 24.4833333333333
-7.05 19.5166666666667
-5.23333333333333 25.2166666666667
-4.38333333333333 19.3666666666667
-2.74000000953674 22.6708335876465
-4.03916645050049 24.3651657104492
-5.96666669845581 22.4500007629395
-11.0520000457764 37.3370018005371
-4.22700023651123 25.1839389801025
-5.5 33.9166679382324
2.04116678237915 36.7556648254395
-4.13333333333333 17.3
-3.82500004768372 16.5983333587646
-2.09999990463257 33.0999984741211
-1.7 26.95
-4.30000019073486 39.5666656494141
-8.45199966430664 33.9855003356934
-4.22499990463257 16.7199993133545
-8.37583351135254 34.2514991760254
-5.08333349227905 32.0666656494141
-3.45000004768372 31.8833332061768
-8.01666641235352 38.75
-5.08333349227905 30.4166660308838
-4.42500019073486 18.4263324737549
-3.36666655540466 38.533332824707
3.79999995231628 43.25
-1.61166667938232 39.0345001220703
2.15 27.9833333333333
0.976000010967255 37.3146667480469
3.93899989128113 22.5041675567627
7.73333333333333 27.9833333333333
-0.433333333333333 21.6666666666667
-4.12150001525879 24.5113334655762
-1.31666672229767 36.8166656494141
-6.66666650772095 36.2333335876465
-5.55483341217041 14.4553337097168
-3.97499990463257 35.1416664123535
0.583333333333333 25.0166666666667
-1.3 22.4666666666667
2.27349996566772 22.8476657867432
0.783333333333333 24.4666666666667
2.03333333333333 24.8
-0.683333333333333 18.2166666666667
-0.466666666666667 21.9333333333333
-3.94433331489563 19.4496669769287
-6.22333335876465 39.223331451416
1.08333333333333 29.8
-5.44999980926514 14.8333330154419
-6.87016677856445 20.9158325195313
-5.46016645431519 20.4648342132568
-6.74733352661133 26.9203338623047
-4.18333339691162 15.6999998092651
-7.7335000038147 26.5891666412354
-8.71883296966553 28.6979999542236
-10.2096662521362 26.0594997406006
-8.89700031280518 28.2813339233398
-8.58983325958252 28.529333114624
4.0756664276123 22.4584999084473
-4.45683336257935 20.2848339080811
-9.56066703796387 27.0349998474121
-5.5736665725708 28.3348331451416
3.87116670608521 30.2045001983643
4.03316688537598 25.8596668243408
-4.14983320236206 26.507999420166
-1.22166669368744 15.9133329391479
4.20133352279663 22.8246669769287
-12.9918336868286 28.6591663360596
-20.0205554962158 28.6241664886475
-26.2416667938232 28.1497230529785
-5.80583333969116 12.9973335266113
-18.7971057891846 47.4782524108887
-17.4760189056396 43.9725379943848
-8.86483287811279 13.2265501022339
-12.8086748123169 15.758861541748
-14.9254112243652 13.5689945220947
-4.66292762756348 28.660680770874
59.9000 10.5647
137.8912 -4.2647
139.6225 -5.6115
133.8738 -1.3867
139.4328 -4.2005
139.3108 -3.8825
138.9372 -3.6942
140.379 -5.1662
133.4368 -2.5368
139.5832 -7.1758
139.9008 -3.9605
140.8825 -4.4428
133.6317 -1.617
139.7552 -3.729
137.4247 -3.8162
136.11 -1.192
140.8203 -3.9997
137.0312 -3.74
140.2185 -4.487
137.73 -3.705
133.5173 -2.1037
140.264 -4.4643
136.4138 -3.719
138.6767 -3.6862
139.8658 -5.8082
139.912 -4.694
140.4353 -4.3957
136.5965 -3.6233
133.8083 -1.206
138.614 -3.2703
136.4102 -3.2953
136.0622 -3.6873
137.9435 -3.3053
139.6273 -4.5305
138.6778 -3.8858
140.0175 -5.2125
138.3315 -4.2423
139.4822 -4.8558
137.2252 -2.975
137.0727 -3.052
137.2527 -3.1753
140.464 -2.5385
140.662 -4.0753
136.7122 -4.0735
139.6182 -4.4732
140.0252 -4.4558
140.0217 -4.4555
139.3858 -3.7838
139.8822 -4.2223
136.3777 -3.9262
138.0853 -5.4927
132.2632 -2.9212
137.726 -3.231
138.3755 -3.5382
138.7512 -4.651
139.9887 -3.9718
139.6712 -3.9967
138.4287 -3.7262
137.117 -3.7343
139.2725 -4.4818
139.284 -3.7345
140.2297 -3.6803
138.796 -4.052
135.482 -3.962
137.6222 -3.9768
138.1995 -3.7078
138.92 -3.837
132.1613 -2.1272
139.3193 -4.376
133.7187 -1.4102
137.3328 -3.2418
133.0507 -1.8198
133.2133 -0.8587
137.5952 -4.2468
137.701 -4.8575
132.284 -1.3187
138.6352 -6.1863
138.3615 -3.6662
138.4792 -3.6863
133.0542 -0.8103
135.5587 -4.0452
138.3832 -4.601
139.3318 -6.5418
138.8525 -7.9787
140.393 -4.4648
140.722 -4.6975
140.7387 -4.715
138.0792 -3.4823
139.059 -3.6663
136.4362 -4.7115
139.7355 -4.2768
139.6495 -4.4792
139.5307 -4.1277
139.7552 -4.6898
138.2052 -4.025
139.2418 -3.8215
139.9743 -4.6783
139.7853 -4.0322
139.439 -4.489
140.5597 -4.2172
137.807 -3.668
135.8537 -3.9895
138.628 -3.9708
140.5152 -4.5802
138.3968 -3.5885
134.0502 -0.8937
138.2463 -4.309
138.4652 -4.2393
136.7427 -3.708
133.8648 -1.1342
140.417 -8.5212
133.2963 -1.591
133.1753 -1.3803
133.1577 -1.9092
132.9532 -1.628
140.7103 -5.8773
140.635 -4.6063
136.0373 -4.007
137.7717 -3.6453
133.9223 -1.1078
140.8517 -4.1645
132.9988 -1.3892
137.9578 -3.7027
137.2305 -4.2028
137.2225 -3.6915
135.5 -3.3667
139.8332 -4.3657
138.363 -3.4937
133.1635 -0.9442
139.8187 -4.3343
139.3015 -4.3643
139.6457 -4.1182
139.4742 -4.2492
140.1983 -4.2608
139.2117 -4.3498
139.1995 -4.7395
139.2032 -4.9265
140.498 -4.5872
140.3532 -4.8238
140.6753 -4.6655
140.6293 -4.9078
140.8483 -4.7432
140.3927 -4.3678
139.3297 -4.3145
139.7822 -3.5373
136.6785 -3.643
139.16 -4.4565
140.0217 -4.425
138.4342 -3.5702
139.3762 -4.1358
138.234 -4.3888
139.0823 -4.3783
139.1 -3.8588
136.8458 -3.7522
139.3418 -4.1885
133.2742 -0.8603
139.8698 -4.3208
138.7628 -3.9033
132.978 -1.7497
139.7148 -4.8363
140.505 -4.7652
136.9105 -3.1842
139.7338 -4.5513
140.7767 -3.4442
139.3498 -5.6907
140.5113 -2.572
136.0592 -1.8242
138.9432 -4.466
137.8397 -3.8235
139.5237 -4.4702
139.9038 -4.98
135.9492 -3.5387
138.9012 -4.9237
139.179 -4.346
131.2877 -0.8885
139.9167 -4.3717
139.3535 -4.7498
140.1707 -4.8098
138.9823 -4.7672
138.4455 -3.2335
140.3018 -6.0972
139.0473 -4.2612
140.1303 -4.4518
138.8937 -3.4135
132.0225 -1.4473
140.4447 -3.991
140.659 -3.9742
133.5947 -1.378
139.7458 -4.0602
136.8883 -4.5317
138.3622 -3.9805
138.454 -3.9267
139.7367 -5.0045
137.5582 -3.2737
141.3017 -2.6917
136.2818 -4.0592
137.2293 -3.1145
139.3937 -4.2178
138.9515 -4.0975
139.1178 -7.5403
137.4695 -3.8683
139.9775 -5.4988
134.5058 -2.7205
139.4773 -4.4935
140.2603 -4.3542
139.4918 -3.9935
137.831 -3.29
138.2395 -3.4558
138.859 -3.8517
138.5552 -3.6508
139.8188 -5.4203
140.5708 -4.5423
138.392 -4.23
139.1677 -4.2475
137.8912 -4.2647
-5.6115 139.6225
-1.3867 133.8738
-4.2005 139.4328
-3.8825 139.3108
-3.6942 138.9372
-5.1662 140.379
-2.5368 133.4368
-7.1758 139.5832
-3.9605 139.9008
-4.4428 140.8825
-1.617 133.6317
-3.729 139.7552
-3.8162 137.4247
-1.192 136.11
-3.9997 140.8203
-3.74 137.0312
-4.487 140.2185
-3.705 137.73
-2.1037 133.5173
-4.4643 140.264
-3.719 136.4138
-3.6862 138.6767
-5.8082 139.8658
-4.694 139.912
-4.3957 140.4353
-3.6233 136.5965
-1.206 133.8083
-3.2703 138.614
-3.2953 136.4102
-3.6873 136.0622
-3.3053 137.9435
-4.5305 139.6273
-3.8858 138.6778
-5.2125 140.0175
-4.2423 138.3315
-4.8558 139.4822
-2.975 137.2252
-3.052 137.0727
-3.1753 137.2527
-2.5385 140.464
-4.0753 140.662
-4.0735 136.7122
-4.4732 139.6182
-4.4558 140.0252
-4.4555 140.0217
-3.7838 139.3858
-4.2223 139.8822
-3.9262 136.3777
-5.4927 138.0853
-2.9212 132.2632
-3.231 137.726
-3.5382 138.3755
-4.651 138.7512
-3.9718 139.9887
-3.9967 139.6712
-3.7262 138.4287
-3.7343 137.117
-4.4818 139.2725
-3.7345 139.284
-3.6803 140.2297
-4.052 138.796
-3.962 135.482
-3.9768 137.6222
-3.7078 138.1995
-3.837 138.92
-2.1272 132.1613
-4.376 139.3193
-1.4102 133.7187
-3.2418 137.3328
-1.8198 133.0507
-0.8587 133.2133
-4.2468 137.5952
-4.8575 137.701
-1.3187 132.284
-6.1863 138.6352
-3.6662 138.3615
-3.6863 138.4792
-0.8103 133.0542
-4.0452 135.5587
-4.601 138.3832
-6.5418 139.3318
-7.9787 138.8525
-4.4648 140.393
-4.6975 140.722
-4.715 140.7387
-3.4823 138.0792
-3.6663 139.059
-4.7115 136.4362
-4.2768 139.7355
-4.4792 139.6495
-4.1277 139.5307
-4.6898 139.7552
-4.025 138.2052
-3.8215 139.2418
-4.6783 139.9743
-4.0322 139.7853
-4.489 139.439
-4.2172 140.5597
-3.668 137.807
-3.9895 135.8537
-3.9708 138.628
-4.5802 140.5152
-3.5885 138.3968
-0.8937 134.0502
-4.309 138.2463
-4.2393 138.4652
-3.708 136.7427
-1.1342 133.8648
-8.5212 140.417
-1.591 133.2963
-1.3803 133.1753
-1.9092 133.1577
-1.628 132.9532
-5.8773 140.7103
-4.6063 140.635
-4.007 136.0373
-3.6453 137.7717
-1.1078 133.9223
-4.1645 140.8517
-1.3892 132.9988
-3.7027 137.9578
-4.2028 137.2305
-3.6915 137.2225
-3.3667 135.5
-4.3657 139.8332
-3.4937 138.363
-0.9442 133.1635
-4.3343 139.8187
-4.3643 139.3015
-4.1182 139.6457
-4.2492 139.4742
-4.2608 140.1983
-4.3498 139.2117
-4.7395 139.1995
-4.9265 139.2032
-4.5872 140.498
-4.8238 140.3532
-4.6655 140.6753
-4.9078 140.6293
-4.7432 140.8483
-4.3678 140.3927
-4.3145 139.3297
-3.5373 139.7822
-3.643 136.6785
-4.4565 139.16
-4.425 140.0217
-3.5702 138.4342
-4.1358 139.3762
-4.3888 138.234
-4.3783 139.0823
-3.8588 139.1
-3.7522 136.8458
-4.1885 139.3418
-0.8603 133.2742
-4.3208 139.8698
-3.9033 138.7628
-1.7497 132.978
-4.8363 139.7148
-4.7652 140.505
-3.1842 136.9105
-4.5513 139.7338
-3.4442 140.7767
-5.6907 139.3498
-2.572 140.5113
-1.8242 136.0592
-4.466 138.9432
-3.8235 137.8397
-4.4702 139.5237
-4.98 139.9038
-3.5387 135.9492
-4.9237 138.9012
-4.346 139.179
-0.8885 131.2877
-4.3717 139.9167
-4.7498 139.3535
-4.8098 140.1707
-4.7672 138.9823
-3.2335 138.4455
-6.0972 140.3018
-4.2612 139.0473
-4.4518 140.1303
-3.4135 138.8937
-1.4473 132.0225
-3.991 140.4447
-3.9742 140.659
-1.378 133.5947
-4.0602 139.7458
-4.5317 136.8883
-3.9805 138.3622
-3.9267 138.454
-5.0045 139.7367
-3.2737 137.5582
-2.6917 141.3017
-4.0592 136.2818
-3.1145 137.2293
-4.2178 139.3937
-4.0975 138.9515
-7.5403 139.1178
-3.8683 137.4695
-5.4988 139.9775
-2.7205 134.5058
-4.4935 139.4773
-4.3542 140.2603
-3.9935 139.4918
-3.29 137.831
-3.4558 138.2395
-3.8517 138.859
-3.6508 138.5552
-5.4203 139.8188
-4.5423 140.5708
-4.23 138.392
-4.2475 139.1677